0.000 -482.000
0.092 -483.551
0.184 -485.103
0.276 -486.657
0.368 -488.212
0.460 -489.769
0.552 -491.326
0.645 -492.885
0.737 -494.446
0.829 -496.007
0.921 -497.570
1.013 -499.135
1.105 -500.700
1.197 -502.267
1.289 -503.836
1.381 -505.406
1.473 -506.977
1.565 -508.549
1.657 -510.123
1.749 -511.698
1.842 -513.274
1.934 -514.852
2.026 -516.431
2.118 -518.011
2.210 -519.593
2.302 -521.176
2.394 -522.760
2.486 -524.346
2.578 -525.933
2.670 -527.521
2.762 -529.111
2.854 -530.702
2.946 -532.294
3.038 -533.888
3.131 -535.483
3.223 -537.079
3.315 -538.677
3.407 -540.276
3.499 -541.876
3.591 -543.478
3.683 -545.081
3.775 -546.685
3.867 -548.291
3.959 -549.897
4.051 -551.506
4.143 -553.115
4.235 -554.726
4.328 -556.339
4.420 -557.952
4.512 -559.567
4.604 -561.184
4.696 -562.801
4.788 -564.420
4.880 -566.040
4.972 -567.662
5.064 -569.285
5.156 -570.909
5.248 -572.535
5.340 -574.162
5.432 -575.790
5.525 -577.420
5.617 -579.051
5.709 -580.683
5.801 -582.317
5.893 -583.952
5.985 -585.588
6.077 -587.225
6.169 -588.864
6.261 -590.505
6.353 -592.146
6.445 -593.789
6.537 -595.433
6.629 -597.079
6.721 -598.726
6.814 -600.374
6.906 -602.024
6.998 -603.675
7.090 -605.327
7.182 -606.981
7.274 -608.635
7.366 -610.292
7.458 -611.949
7.550 -613.608
7.642 -615.268
7.734 -616.930
7.826 -618.593
7.918 -620.257
8.011 -621.923
8.103 -623.590
8.195 -625.258
8.287 -626.927
8.379 -628.598
8.471 -630.270
8.563 -631.944
8.655 -633.619
8.747 -635.295
8.839 -636.973
8.931 -638.652
9.023 -640.332
9.115 -642.013
9.208 -643.696
9.300 -645.380
9.392 -647.066
9.484 -648.753
9.576 -650.441
9.668 -652.131
9.760 -653.821
9.852 -655.514
9.944 -657.207
10.036 -658.902
10.128 -660.598
10.220 -662.296
10.312 -663.995
10.404 -665.695
10.497 -667.396
10.589 -669.099
10.681 -670.803
10.773 -672.509
10.865 -674.216
10.957 -675.924
11.049 -677.633
11.141 -679.344
11.233 -681.057
11.325 -682.770
11.417 -684.485
11.509 -686.201
11.601 -687.919
11.694 -689.637
11.786 -691.358
11.878 -693.079
11.970 -694.802
12.062 -696.526
12.154 -698.252
12.246 -699.978
12.338 -701.707
12.430 -703.436
12.522 -705.167
12.614 -706.899
12.706 -708.632
12.798 -710.367
12.891 -712.103
12.983 -713.841
13.075 -715.580
13.167 -717.320
13.259 -719.061
13.351 -720.804
13.443 -722.548
13.535 -724.294
13.627 -726.041
13.719 -727.789
13.811 -729.538
13.903 -731.289
13.995 -733.041
14.087 -734.795
14.180 -736.549
14.272 -738.305
14.364 -740.063
14.456 -741.822
14.548 -743.582
14.640 -745.343
14.732 -747.106
14.824 -748.870
14.916 -750.636
15.008 -752.402
15.100 -754.171
15.192 -755.940
15.284 -757.711
15.377 -759.483
15.469 -761.256
15.561 -763.031
15.653 -764.807
15.745 -766.585
15.837 -768.363
15.929 -770.144
16.021 -771.925
16.113 -773.708
16.205 -775.492
16.297 -777.277
16.389 -779.064
16.481 -780.852
16.574 -782.642
16.666 -784.432
16.758 -786.224
16.850 -788.018
16.942 -789.813
17.034 -791.609
17.126 -793.406
17.218 -795.205
17.310 -797.005
17.402 -798.806
17.494 -800.609
17.586 -802.413
17.678 -804.218
17.771 -806.025
17.863 -807.833
17.955 -809.643
18.047 -811.453
18.139 -813.265
18.231 -815.079
18.323 -816.894
18.415 -818.710
18.507 -820.527
18.599 -822.346
18.691 -824.166
18.783 -825.987
18.875 -827.810
18.967 -829.634
19.060 -831.459
19.152 -833.286
19.244 -835.114
19.336 -836.943
19.428 -838.774
19.520 -840.606
19.612 -842.440
19.704 -844.274
19.796 -846.110
19.888 -847.948
19.980 -849.786
20.072 -851.626
20.164 -853.468
20.257 -855.311
20.349 -857.155
20.441 -859.000
20.533 -860.847
20.625 -862.695
20.717 -864.544
20.809 -866.395
20.901 -868.247
20.993 -870.100
21.085 -871.955
21.177 -873.811
21.269 -875.668
21.361 -877.527
21.454 -879.387
21.546 -881.248
21.638 -883.111
21.730 -884.975
21.822 -886.840
21.914 -888.707
22.006 -890.575
22.098 -892.444
22.190 -894.315
22.282 -896.187
22.374 -898.060
22.466 -899.935
22.558 -901.811
22.650 -903.688
22.743 -905.567
22.835 -907.447
22.927 -909.328
23.019 -911.211
23.111 -913.095
23.203 -914.980
23.295 -916.867
23.387 -918.755
23.479 -920.644
23.571 -922.535
23.663 -924.427
23.755 -926.320
23.847 -928.215
23.940 -930.111
24.032 -932.008
24.124 -933.907
24.216 -935.807
24.308 -937.708
24.400 -939.611
24.492 -941.515
24.584 -943.420
24.676 -945.326
24.768 -947.234
24.860 -949.144
24.952 -951.054
25.044 -952.966
25.137 -954.880
25.229 -956.794
25.321 -958.710
25.413 -960.627
25.505 -962.546
25.597 -964.466
25.689 -966.387
25.781 -968.310
25.873 -970.234
25.965 -972.159
26.057 -974.086
26.149 -976.014
26.241 -977.943
26.333 -979.874
26.426 -981.806
26.518 -983.739
26.610 -985.673
26.702 -987.609
26.794 -989.547
26.886 -991.485
26.978 -993.425
27.070 -995.366
27.162 -997.309
27.254 -999.253
27.346 -1001.198
27.438 -1003.145
27.530 -1005.093
27.623 -1007.042
27.715 -1008.993
27.807 -1010.945
27.899 -1012.898
27.991 -1014.852
28.083 -1016.808
28.175 -1018.766
28.267 -1020.724
28.359 -1022.684
28.451 -1024.645
28.543 -1026.608
28.635 -1028.572
28.727 -1030.537
28.820 -1032.504
28.912 -1034.472
29.004 -1036.441
29.096 -1038.411
29.188 -1040.383
29.280 -1042.356
29.372 -1044.331
29.464 -1046.307
29.556 -1048.284
29.648 -1050.263
29.740 -1052.243
29.832 -1054.224
29.924 -1056.206
30.017 -1058.190
30.109 -1060.176
30.201 -1062.162
30.293 -1064.150
30.385 -1066.139
30.477 -1068.130
30.569 -1070.122
30.661 -1072.115
30.753 -1074.109
30.845 -1076.105
30.937 -1078.103
31.029 -1080.101
31.121 -1082.101
31.213 -1084.102
31.306 -1086.105
31.398 -1088.109
31.490 -1090.114
31.582 -1092.120
31.674 -1094.128
31.766 -1096.137
31.858 -1098.148
31.950 -1100.160
32.042 -1102.173
32.134 -1104.188
32.226 -1106.203
32.318 -1108.221
32.410 -1110.239
32.503 -1112.259
32.595 -1114.280
32.687 -1116.303
32.779 -1118.327
32.871 -1120.352
32.963 -1122.378
33.055 -1124.406
33.147 -1126.435
33.239 -1128.466
33.331 -1130.498
33.423 -1132.531
33.515 -1134.565
33.607 -1136.601
33.700 -1138.639
33.792 -1140.677
33.884 -1142.717
33.976 -1144.758
34.068 -1146.801
34.160 -1148.844
34.252 -1150.890
34.344 -1152.936
34.436 -1154.984
34.528 -1157.033
34.620 -1159.084
34.712 -1161.135
34.804 -1163.189
34.896 -1165.243
34.989 -1167.299
35.081 -1169.356
35.173 -1171.415
35.265 -1173.474
35.357 -1175.536
35.449 -1177.598
35.541 -1179.662
35.633 -1181.727
35.725 -1183.794
35.817 -1185.861
35.909 -1187.931
36.001 -1190.001
36.093 -1192.073
36.186 -1194.146
36.278 -1196.220
36.370 -1198.296
36.462 -1200.373
36.554 -1202.452
36.646 -1204.532
36.738 -1206.613
36.830 -1208.695
36.922 -1210.779
37.014 -1212.864
37.106 -1214.951
37.198 -1217.039
37.290 -1219.128
37.383 -1221.218
37.475 -1223.310
37.567 -1225.403
37.659 -1227.498
37.751 -1229.593
37.843 -1231.691
37.935 -1233.789
38.027 -1235.889
38.119 -1237.990
38.211 -1240.092
38.303 -1242.196
38.395 -1244.301
38.487 -1246.408
38.579 -1248.516
38.672 -1250.625
38.764 -1252.735
38.856 -1254.847
38.948 -1256.960
39.040 -1259.075
39.132 -1261.190
39.224 -1263.307
39.316 -1265.426
39.408 -1267.546
39.500 -1269.667
39.592 -1271.789
39.684 -1273.913
39.776 -1276.038
39.869 -1278.165
39.961 -1280.292
40.053 -1282.422
40.145 -1284.552
40.237 -1286.684
40.329 -1288.817
40.421 -1290.951
40.513 -1293.087
40.605 -1295.224
40.697 -1297.363
40.789 -1299.502
40.881 -1301.643
40.973 -1303.786
41.066 -1305.930
41.158 -1308.075
41.250 -1310.221
41.342 -1312.369
41.434 -1314.518
41.526 -1316.669
41.618 -1318.820
41.710 -1320.973
41.802 -1323.128
41.894 -1325.284
41.986 -1327.441
42.078 -1329.599
42.170 -1331.759
42.262 -1333.920
42.355 -1336.082
42.447 -1338.246
42.539 -1340.411
42.631 -1342.578
42.723 -1344.745
42.815 -1346.914
42.907 -1349.085
42.999 -1351.257
43.091 -1353.430
43.183 -1355.604
43.275 -1357.780
43.367 -1359.957
43.459 -1362.135
43.552 -1364.315
43.644 -1366.496
43.736 -1368.679
43.828 -1370.862
43.920 -1373.047
44.012 -1375.234
44.104 -1377.422
44.196 -1379.611
44.288 -1381.801
44.380 -1383.993
44.472 -1386.186
44.564 -1388.380
44.656 -1390.576
44.749 -1392.773
44.841 -1394.971
44.933 -1397.171
45.025 -1399.372
45.117 -1401.575
45.209 -1403.778
45.301 -1405.983
45.393 -1408.190
45.485 -1410.397
45.577 -1412.607
45.669 -1414.817
45.761 -1417.029
45.853 -1419.242
45.946 -1421.456
46.038 -1423.672
46.130 -1425.889
46.222 -1428.107
46.314 -1430.327
46.406 -1432.548
46.498 -1434.770
46.590 -1436.994
46.682 -1439.219
46.774 -1441.446
46.866 -1443.673
46.958 -1445.902
47.050 -1448.133
47.142 -1450.364
47.235 -1452.597
47.327 -1454.832
47.419 -1457.068
47.511 -1459.305
47.603 -1461.543
47.695 -1463.783
47.787 -1466.024
47.879 -1468.266
47.971 -1470.510
48.063 -1472.755
48.155 -1475.001
48.247 -1477.249
48.339 -1479.498
48.432 -1481.748
48.524 -1484.000
48.616 -1486.253
48.708 -1488.507
48.800 -1490.763
48.892 -1493.020
48.984 -1495.278
49.076 -1497.538
49.168 -1499.799
49.260 -1502.062
49.352 -1504.325
49.444 -1506.590
49.536 -1508.857
49.629 -1511.124
49.721 -1513.393
49.813 -1515.664
49.905 -1517.935
49.997 -1520.208
50.089 -1522.483
50.181 -1524.758
50.273 -1527.035
50.365 -1529.314
50.457 -1531.594
50.549 -1533.875
50.641 -1536.157
50.733 -1538.441
50.825 -1540.726
50.918 -1543.012
51.010 -1545.300
51.102 -1547.589
51.194 -1549.879
51.286 -1552.171
51.378 -1554.464
51.470 -1556.758
51.562 -1559.054
51.654 -1561.351
51.746 -1563.649
51.838 -1565.949
51.930 -1568.250
52.022 -1570.552
52.115 -1572.856
52.207 -1575.161
52.299 -1577.467
52.391 -1579.775
52.483 -1582.084
52.575 -1584.394
52.667 -1586.706
52.759 -1589.019
52.851 -1591.333
52.943 -1593.649
53.035 -1595.966
53.127 -1598.284
53.219 -1600.604
53.312 -1602.925
53.404 -1605.247
53.496 -1607.571
53.588 -1609.896
53.680 -1612.222
53.772 -1614.550
53.864 -1616.879
53.956 -1619.209
54.048 -1621.541
54.140 -1623.874
54.232 -1626.208
54.324 -1628.544
54.416 -1630.881
54.508 -1633.219
54.601 -1635.559
54.693 -1637.900
54.785 -1640.242
54.877 -1642.586
54.969 -1644.931
55.061 -1647.277
55.153 -1649.625
55.245 -1651.974
55.337 -1654.324
55.429 -1656.676
55.521 -1659.029
55.613 -1661.383
55.705 -1663.738
55.798 -1666.095
55.890 -1668.454
55.982 -1670.813
56.074 -1673.174
56.166 -1675.537
56.258 -1677.900
56.350 -1680.265
56.442 -1682.632
56.534 -1684.999
56.626 -1687.368
56.718 -1689.739
56.810 -1692.110
56.902 -1694.483
56.995 -1696.858
57.087 -1699.233
57.179 -1701.610
57.271 -1703.988
57.363 -1706.368
57.455 -1708.749
57.547 -1711.131
57.639 -1713.515
57.731 -1715.900
57.823 -1718.286
57.915 -1720.674
58.007 -1723.063
58.099 -1725.453
58.192 -1727.845
58.284 -1730.238
58.376 -1732.632
58.468 -1735.028
58.560 -1737.425
58.652 -1739.823
58.744 -1742.223
58.836 -1744.624
58.928 -1747.026
59.020 -1749.429
59.112 -1751.834
59.204 -1754.241
59.296 -1756.648
59.388 -1759.057
59.481 -1761.468
59.573 -1763.879
59.665 -1766.292
59.757 -1768.707
59.849 -1771.122
59.941 -1773.539
60.033 -1775.957
60.125 -1778.377
60.217 -1780.798
60.309 -1783.220
60.401 -1785.644
60.493 -1788.069
60.585 -1790.495
60.678 -1792.923
60.770 -1795.352
60.862 -1797.782
60.954 -1800.214
61.046 -1802.647
61.138 -1805.081
61.230 -1807.517
61.322 -1809.953
61.414 -1812.392
61.506 -1814.831
61.598 -1817.272
61.690 -1819.715
61.782 -1822.158
61.875 -1824.603
61.967 -1827.049
62.059 -1829.497
62.151 -1831.946
62.243 -1834.396
62.335 -1836.848
62.427 -1839.301
62.519 -1841.755
62.611 -1844.211
62.703 -1846.668
62.795 -1849.126
62.887 -1851.586
62.979 -1854.047
63.071 -1856.509
63.164 -1858.972
63.256 -1861.437
63.348 -1863.904
63.440 -1866.371
63.532 -1868.840
63.624 -1871.311
63.716 -1873.782
63.808 -1876.255
63.900 -1878.729
63.992 -1881.205
64.084 -1883.682
64.176 -1886.160
64.268 -1888.640
64.361 -1891.121
64.453 -1893.603
64.545 -1896.087
64.637 -1898.572
64.729 -1901.058
64.821 -1903.545
64.913 -1906.034
65.005 -1908.525
65.097 -1911.016
65.189 -1913.509
65.281 -1916.003
65.373 -1918.499
65.465 -1920.996
65.558 -1923.494
65.650 -1925.994
65.742 -1928.495
65.834 -1930.997
65.926 -1933.501
66.018 -1936.006
66.110 -1938.512
66.202 -1941.019
66.294 -1943.528
66.386 -1946.039
66.478 -1948.550
66.570 -1951.063
66.662 -1953.578
66.754 -1956.093
66.847 -1958.610
66.939 -1961.128
67.031 -1963.648
67.123 -1966.169
67.215 -1968.691
67.307 -1971.215
67.399 -1973.740
67.491 -1976.266
67.583 -1978.794
67.675 -1981.322
67.767 -1983.853
67.859 -1986.384
67.951 -1988.917
68.044 -1991.451
68.136 -1993.987
68.228 -1996.524
68.320 -1999.062
68.412 -2001.602
68.504 -2004.143
68.596 -2006.685
68.688 -2009.229
68.780 -2011.774
68.872 -2014.320
68.964 -2016.867
69.056 -2019.416
69.148 -2021.967
69.241 -2024.518
69.333 -2027.071
69.425 -2029.625
69.517 -2032.181
69.609 -2034.738
69.701 -2037.296
69.793 -2039.856
69.885 -2042.417
