0.000 -0.000
0.092 -2.877
0.184 -4.066
0.276 -4.976
0.368 -5.742
0.460 -6.416
0.552 -7.023
0.645 -7.581
0.737 -8.099
0.829 -8.585
0.921 -9.043
1.013 -9.478
1.105 -9.893
1.197 -10.290
1.289 -10.671
1.381 -11.038
1.473 -11.393
1.565 -11.735
1.657 -12.068
1.749 -12.390
1.842 -12.703
1.934 -13.008
2.026 -13.305
2.118 -13.595
2.210 -13.878
2.302 -14.154
2.394 -14.425
2.486 -14.690
2.578 -14.949
2.670 -15.203
2.762 -15.452
2.854 -15.697
2.946 -15.937
3.038 -16.173
3.131 -16.405
3.223 -16.633
3.315 -16.858
3.407 -17.078
3.499 -17.296
3.591 -17.509
3.683 -17.720
3.775 -17.928
3.867 -18.133
3.959 -18.334
4.051 -18.533
4.143 -18.730
4.235 -18.923
4.328 -19.115
4.420 -19.303
4.512 -19.490
4.604 -19.674
4.696 -19.855
4.788 -20.035
4.880 -20.212
4.972 -20.388
5.064 -20.561
5.156 -20.732
5.248 -20.902
5.340 -21.069
5.432 -21.235
5.525 -21.399
5.617 -21.561
5.709 -21.721
5.801 -21.880
5.893 -22.037
5.985 -22.193
6.077 -22.347
6.169 -22.499
6.261 -22.650
6.353 -22.799
6.445 -22.947
6.537 -23.094
6.629 -23.239
6.721 -23.383
6.814 -23.525
6.906 -23.667
6.998 -23.806
7.090 -23.945
7.182 -24.082
7.274 -24.218
7.366 -24.353
7.458 -24.487
7.550 -24.619
7.642 -24.751
7.734 -24.881
7.826 -25.010
7.918 -25.138
8.011 -25.265
8.103 -25.391
8.195 -25.516
8.287 -25.640
8.379 -25.762
8.471 -25.884
8.563 -26.005
8.655 -26.125
8.747 -26.244
8.839 -26.362
8.931 -26.478
9.023 -26.595
9.115 -26.710
9.208 -26.824
9.300 -26.937
9.392 -27.050
9.484 -27.161
9.576 -27.272
9.668 -27.382
9.760 -27.491
9.852 -27.599
9.944 -27.707
10.036 -27.813
10.128 -27.919
10.220 -28.024
10.312 -28.128
10.404 -28.232
10.497 -28.334
10.589 -28.436
10.681 -28.537
10.773 -28.638
10.865 -28.738
10.957 -28.837
11.049 -28.935
11.141 -29.032
11.233 -29.129
11.325 -29.225
11.417 -29.321
11.509 -29.416
11.601 -29.510
11.694 -29.603
11.786 -29.696
11.878 -29.788
11.970 -29.880
12.062 -29.971
12.154 -30.061
12.246 -30.151
12.338 -30.239
12.430 -30.328
12.522 -30.416
12.614 -30.503
12.706 -30.589
12.798 -30.675
12.891 -30.760
12.983 -30.845
13.075 -30.929
13.167 -31.013
13.259 -31.096
13.351 -31.178
13.443 -31.260
13.535 -31.341
13.627 -31.422
13.719 -31.502
13.811 -31.582
13.903 -31.661
13.995 -31.739
14.087 -31.817
14.180 -31.895
14.272 -31.972
14.364 -32.048
14.456 -32.124
14.548 -32.200
14.640 -32.274
14.732 -32.349
14.824 -32.423
14.916 -32.496
15.008 -32.569
15.100 -32.641
15.192 -32.713
15.284 -32.784
15.377 -32.855
15.469 -32.926
15.561 -32.995
15.653 -33.065
15.745 -33.134
15.837 -33.202
15.929 -33.270
16.021 -33.338
16.113 -33.405
16.205 -33.472
16.297 -33.538
16.389 -33.603
16.481 -33.669
16.574 -33.734
16.666 -33.798
16.758 -33.862
16.850 -33.925
16.942 -33.988
17.034 -34.051
17.126 -34.113
17.218 -34.175
17.310 -34.236
17.402 -34.297
17.494 -34.357
17.586 -34.417
17.678 -34.477
17.771 -34.536
17.863 -34.595
17.955 -34.653
18.047 -34.711
18.139 -34.769
18.231 -34.826
18.323 -34.883
18.415 -34.939
18.507 -34.995
18.599 -35.050
18.691 -35.105
18.783 -35.160
18.875 -35.214
18.967 -35.268
19.060 -35.322
19.152 -35.375
19.244 -35.428
19.336 -35.480
19.428 -35.532
19.520 -35.584
19.612 -35.635
19.704 -35.686
19.796 -35.736
19.888 -35.786
19.980 -35.836
20.072 -35.885
20.164 -35.934
20.257 -35.983
20.349 -36.031
20.441 -36.079
20.533 -36.127
20.625 -36.174
20.717 -36.220
20.809 -36.267
20.901 -36.313
20.993 -36.359
21.085 -36.404
21.177 -36.449
21.269 -36.494
21.361 -36.538
21.454 -36.582
21.546 -36.625
21.638 -36.668
21.730 -36.711
21.822 -36.754
21.914 -36.796
22.006 -36.838
22.098 -36.879
22.190 -36.921
22.282 -36.961
22.374 -37.002
22.466 -37.042
22.558 -37.082
22.650 -37.121
22.743 -37.160
22.835 -37.199
22.927 -37.237
23.019 -37.276
23.111 -37.313
23.203 -37.351
23.295 -37.388
23.387 -37.425
23.479 -37.461
23.571 -37.497
23.663 -37.533
23.755 -37.569
23.847 -37.604
23.940 -37.639
24.032 -37.673
24.124 -37.707
24.216 -37.741
24.308 -37.775
24.400 -37.808
24.492 -37.841
24.584 -37.874
24.676 -37.906
24.768 -37.938
24.860 -37.969
24.952 -38.001
25.044 -38.032
25.137 -38.063
25.229 -38.093
25.321 -38.123
25.413 -38.153
25.505 -38.182
25.597 -38.212
25.689 -38.240
25.781 -38.269
25.873 -38.297
25.965 -38.325
26.057 -38.353
26.149 -38.380
26.241 -38.407
26.333 -38.434
26.426 -38.460
26.518 -38.486
26.610 -38.512
26.702 -38.538
26.794 -38.563
26.886 -38.588
26.978 -38.613
27.070 -38.637
27.162 -38.661
27.254 -38.685
27.346 -38.708
27.438 -38.731
27.530 -38.754
27.623 -38.777
27.715 -38.799
27.807 -38.821
27.899 -38.843
27.991 -38.864
28.083 -38.885
28.175 -38.906
28.267 -38.926
28.359 -38.947
28.451 -38.966
28.543 -38.986
28.635 -39.005
28.727 -39.024
28.820 -39.043
28.912 -39.062
29.004 -39.080
29.096 -39.098
29.188 -39.115
29.280 -39.133
29.372 -39.150
29.464 -39.166
29.556 -39.183
29.648 -39.199
29.740 -39.215
29.832 -39.231
29.924 -39.246
30.017 -39.261
30.109 -39.276
30.201 -39.290
30.293 -39.304
30.385 -39.318
30.477 -39.332
30.569 -39.345
30.661 -39.358
30.753 -39.371
30.845 -39.384
30.937 -39.396
31.029 -39.408
31.121 -39.419
31.213 -39.431
31.306 -39.442
31.398 -39.453
31.490 -39.463
31.582 -39.474
31.674 -39.483
31.766 -39.493
31.858 -39.503
31.950 -39.512
32.042 -39.521
32.134 -39.529
32.226 -39.537
32.318 -39.546
32.410 -39.553
32.503 -39.561
32.595 -39.568
32.687 -39.575
32.779 -39.582
32.871 -39.588
32.963 -39.594
33.055 -39.600
33.147 -39.605
33.239 -39.611
33.331 -39.616
33.423 -39.620
33.515 -39.625
33.607 -39.629
33.700 -39.633
33.792 -39.636
33.884 -39.640
33.976 -39.643
34.068 -39.645
34.160 -39.648
34.252 -39.650
34.344 -39.652
34.436 -39.654
34.528 -39.655
34.620 -39.656
34.712 -39.657
34.804 -39.658
34.896 -39.658
34.989 -39.658
35.081 -39.658
35.173 -39.657
35.265 -39.657
35.357 -39.655
35.449 -39.654
35.541 -39.652
35.633 -39.651
35.725 -39.648
35.817 -39.646
35.909 -39.643
36.001 -39.640
36.093 -39.637
36.186 -39.633
36.278 -39.630
36.370 -39.625
36.462 -39.621
36.554 -39.616
36.646 -39.611
36.738 -39.606
36.830 -39.601
36.922 -39.595
37.014 -39.589
37.106 -39.583
37.198 -39.576
37.290 -39.569
37.383 -39.562
37.475 -39.555
37.567 -39.547
37.659 -39.539
37.751 -39.531
37.843 -39.522
37.935 -39.513
38.027 -39.504
38.119 -39.495
38.211 -39.485
38.303 -39.475
38.395 -39.465
38.487 -39.455
38.579 -39.444
38.672 -39.433
38.764 -39.421
38.856 -39.410
38.948 -39.398
39.040 -39.386
39.132 -39.373
39.224 -39.361
39.316 -39.348
39.408 -39.334
39.500 -39.321
39.592 -39.307
39.684 -39.293
39.776 -39.278
39.869 -39.264
39.961 -39.249
40.053 -39.233
40.145 -39.218
40.237 -39.202
40.329 -39.186
40.421 -39.169
40.513 -39.153
40.605 -39.136
40.697 -39.118
40.789 -39.101
40.881 -39.083
40.973 -39.065
41.066 -39.046
41.158 -39.028
41.250 -39.009
41.342 -38.989
41.434 -38.970
41.526 -38.950
41.618 -38.930
41.710 -38.909
41.802 -38.889
41.894 -38.868
41.986 -38.846
42.078 -38.825
42.170 -38.803
42.262 -38.781
42.355 -38.758
42.447 -38.735
42.539 -38.712
42.631 -38.689
42.723 -38.665
42.815 -38.641
42.907 -38.617
42.999 -38.592
43.091 -38.567
43.183 -38.542
43.275 -38.517
43.367 -38.491
43.459 -38.465
43.552 -38.439
43.644 -38.412
43.736 -38.385
43.828 -38.358
43.920 -38.330
44.012 -38.302
44.104 -38.274
44.196 -38.245
44.288 -38.217
44.380 -38.187
44.472 -38.158
44.564 -38.128
44.656 -38.098
44.749 -38.068
44.841 -38.037
44.933 -38.006
45.025 -37.975
45.117 -37.943
45.209 -37.911
45.301 -37.879
45.393 -37.847
45.485 -37.814
45.577 -37.781
45.669 -37.747
45.761 -37.713
45.853 -37.679
45.946 -37.645
46.038 -37.610
46.130 -37.575
46.222 -37.539
46.314 -37.504
46.406 -37.467
46.498 -37.431
46.590 -37.394
46.682 -37.357
46.774 -37.320
46.866 -37.282
46.958 -37.244
47.050 -37.206
47.142 -37.167
47.235 -37.128
47.327 -37.089
47.419 -37.049
47.511 -37.009
47.603 -36.968
47.695 -36.928
47.787 -36.886
47.879 -36.845
47.971 -36.803
48.063 -36.761
48.155 -36.719
48.247 -36.676
48.339 -36.633
48.432 -36.589
48.524 -36.545
48.616 -36.501
48.708 -36.457
48.800 -36.412
48.892 -36.366
48.984 -36.321
49.076 -36.275
49.168 -36.229
49.260 -36.182
49.352 -36.135
49.444 -36.087
49.536 -36.040
49.629 -35.991
49.721 -35.943
49.813 -35.894
49.905 -35.845
49.997 -35.795
50.089 -35.745
50.181 -35.695
50.273 -35.644
50.365 -35.593
50.457 -35.541
50.549 -35.489
50.641 -35.437
50.733 -35.384
50.825 -35.331
50.918 -35.278
51.010 -35.224
51.102 -35.170
51.194 -35.115
51.286 -35.060
51.378 -35.004
51.470 -34.949
51.562 -34.892
51.654 -34.836
51.746 -34.779
51.838 -34.721
51.930 -34.663
52.022 -34.605
52.115 -34.546
52.207 -34.487
52.299 -34.428
52.391 -34.368
52.483 -34.307
52.575 -34.247
52.667 -34.185
52.759 -34.124
52.851 -34.062
52.943 -33.999
53.035 -33.936
53.127 -33.873
53.219 -33.809
53.312 -33.745
53.404 -33.680
53.496 -33.615
53.588 -33.549
53.680 -33.483
53.772 -33.417
53.864 -33.350
53.956 -33.282
54.048 -33.214
54.140 -33.146
54.232 -33.077
54.324 -33.008
54.416 -32.938
54.508 -32.867
54.601 -32.797
54.693 -32.725
54.785 -32.654
54.877 -32.581
54.969 -32.509
55.061 -32.435
55.153 -32.362
55.245 -32.287
55.337 -32.213
55.429 -32.137
55.521 -32.061
55.613 -31.985
55.705 -31.908
55.798 -31.831
55.890 -31.753
55.982 -31.675
56.074 -31.596
56.166 -31.516
56.258 -31.436
56.350 -31.355
56.442 -31.274
56.534 -31.192
56.626 -31.110
56.718 -31.027
56.810 -30.944
56.902 -30.860
56.995 -30.775
57.087 -30.690
57.179 -30.604
57.271 -30.518
57.363 -30.431
57.455 -30.343
57.547 -30.255
57.639 -30.166
57.731 -30.076
57.823 -29.986
57.915 -29.896
58.007 -29.804
58.099 -29.712
58.192 -29.619
58.284 -29.526
58.376 -29.432
58.468 -29.337
58.560 -29.242
58.652 -29.146
58.744 -29.049
58.836 -28.952
58.928 -28.854
59.020 -28.755
59.112 -28.655
59.204 -28.555
59.296 -28.454
59.388 -28.352
59.481 -28.249
59.573 -28.146
59.665 -28.042
59.757 -27.937
59.849 -27.831
59.941 -27.725
60.033 -27.618
60.125 -27.510
60.217 -27.401
60.309 -27.291
60.401 -27.180
60.493 -27.069
60.585 -26.957
60.678 -26.844
60.770 -26.729
60.862 -26.614
60.954 -26.499
61.046 -26.382
61.138 -26.264
61.230 -26.145
61.322 -26.026
61.414 -25.905
61.506 -25.784
61.598 -25.661
61.690 -25.537
61.782 -25.413
61.875 -25.287
61.967 -25.160
62.059 -25.032
62.151 -24.903
62.243 -24.773
62.335 -24.642
62.427 -24.510
62.519 -24.376
62.611 -24.242
62.703 -24.106
62.795 -23.969
62.887 -23.830
62.979 -23.691
63.071 -23.550
63.164 -23.408
63.256 -23.264
63.348 -23.119
63.440 -22.973
63.532 -22.825
63.624 -22.676
63.716 -22.525
63.808 -22.373
63.900 -22.220
63.992 -22.064
64.084 -21.907
64.176 -21.749
64.268 -21.589
64.361 -21.427
64.453 -21.263
64.545 -21.098
64.637 -20.931
64.729 -20.762
64.821 -20.591
64.913 -20.418
65.005 -20.243
65.097 -20.066
65.189 -19.886
65.281 -19.705
65.373 -19.522
65.465 -19.336
65.558 -19.147
65.650 -18.957
65.742 -18.763
65.834 -18.567
65.926 -18.369
66.018 -18.168
66.110 -17.963
66.202 -17.756
66.294 -17.546
66.386 -17.333
66.478 -17.116
66.570 -16.896
66.662 -16.672
66.754 -16.445
66.847 -16.214
66.939 -15.978
67.031 -15.739
67.123 -15.495
67.215 -15.247
67.307 -14.993
67.399 -14.735
67.491 -14.471
67.583 -14.202
67.675 -13.926
67.767 -13.644
67.859 -13.356
67.951 -13.060
68.044 -12.756
68.136 -12.445
68.228 -12.124
68.320 -11.794
68.412 -11.453
68.504 -11.100
68.596 -10.736
68.688 -10.357
68.780 -9.963
68.872 -9.551
68.964 -9.120
69.056 -8.666
69.148 -8.185
69.241 -7.673
69.333 -7.123
69.425 -6.525
69.517 -5.864
69.609 -5.117
69.701 -4.237
69.793 -3.115
69.885 -1.197
69.901 0.000