0.000 -0.000
0.092 -4.795
0.184 -6.776
0.276 -8.294
0.368 -9.570
0.460 -10.693
0.552 -11.706
0.645 -12.635
0.737 -13.498
0.829 -14.308
0.921 -15.072
1.013 -15.797
1.105 -16.488
1.197 -17.150
1.289 -17.785
1.381 -18.397
1.473 -18.988
1.565 -19.559
1.657 -20.113
1.749 -20.650
1.842 -21.172
1.934 -21.680
2.026 -22.175
2.118 -22.658
2.210 -23.130
2.302 -23.591
2.394 -24.041
2.486 -24.483
2.578 -24.915
2.670 -25.339
2.762 -25.754
2.854 -26.162
2.946 -26.562
3.038 -26.956
3.131 -27.342
3.223 -27.722
3.315 -28.096
3.407 -28.464
3.499 -28.826
3.591 -29.182
3.683 -29.534
3.775 -29.880
3.867 -30.221
3.959 -30.557
4.051 -30.889
4.143 -31.216
4.235 -31.539
4.328 -31.858
4.420 -32.172
4.512 -32.483
4.604 -32.789
4.696 -33.092
4.788 -33.391
4.880 -33.687
4.972 -33.979
5.064 -34.268
5.156 -34.554
5.248 -34.836
5.340 -35.115
5.432 -35.392
5.525 -35.665
5.617 -35.935
5.709 -36.202
5.801 -36.467
5.893 -36.729
5.985 -36.988
6.077 -37.245
6.169 -37.499
6.261 -37.750
6.353 -37.999
6.445 -38.246
6.537 -38.490
6.629 -38.732
6.721 -38.972
6.814 -39.209
6.906 -39.444
6.998 -39.677
7.090 -39.908
7.182 -40.137
7.274 -40.364
7.366 -40.589
7.458 -40.812
7.550 -41.032
7.642 -41.251
7.734 -41.468
7.826 -41.684
7.918 -41.897
8.011 -42.109
8.103 -42.318
8.195 -42.526
8.287 -42.733
8.379 -42.937
8.471 -43.140
8.563 -43.342
8.655 -43.541
8.747 -43.739
8.839 -43.936
8.931 -44.131
9.023 -44.324
9.115 -44.516
9.208 -44.706
9.300 -44.895
9.392 -45.083
9.484 -45.269
9.576 -45.453
9.668 -45.636
9.760 -45.818
9.852 -45.999
9.944 -46.178
10.036 -46.355
10.128 -46.531
10.220 -46.707
10.312 -46.880
10.404 -47.053
10.497 -47.224
10.589 -47.394
10.681 -47.562
10.773 -47.730
10.865 -47.896
10.957 -48.061
11.049 -48.225
11.141 -48.387
11.233 -48.549
11.325 -48.709
11.417 -48.868
11.509 -49.026
11.601 -49.183
11.694 -49.339
11.786 -49.494
11.878 -49.647
11.970 -49.800
12.062 -49.951
12.154 -50.102
12.246 -50.251
12.338 -50.399
12.430 -50.546
12.522 -50.693
12.614 -50.838
12.706 -50.982
12.798 -51.125
12.891 -51.267
12.983 -51.409
13.075 -51.549
13.167 -51.688
13.259 -51.826
13.351 -51.964
13.443 -52.100
13.535 -52.236
13.627 -52.370
13.719 -52.504
13.811 -52.636
13.903 -52.768
13.995 -52.899
14.087 -53.029
14.180 -53.158
14.272 -53.286
14.364 -53.414
14.456 -53.540
14.548 -53.666
14.640 -53.791
14.732 -53.915
14.824 -54.038
14.916 -54.160
15.008 -54.281
15.100 -54.402
15.192 -54.522
15.284 -54.641
15.377 -54.759
15.469 -54.876
15.561 -54.992
15.653 -55.108
15.745 -55.223
15.837 -55.337
15.929 -55.451
16.021 -55.563
16.113 -55.675
16.205 -55.786
16.297 -55.896
16.389 -56.006
16.481 -56.115
16.574 -56.223
16.666 -56.330
16.758 -56.436
16.850 -56.542
16.942 -56.647
17.034 -56.752
17.126 -56.855
17.218 -56.958
17.310 -57.060
17.402 -57.162
17.494 -57.262
17.586 -57.362
17.678 -57.462
17.771 -57.560
17.863 -57.658
17.955 -57.756
18.047 -57.852
18.139 -57.948
18.231 -58.043
18.323 -58.138
18.415 -58.232
18.507 -58.325
18.599 -58.417
18.691 -58.509
18.783 -58.600
18.875 -58.691
18.967 -58.781
19.060 -58.870
19.152 -58.958
19.244 -59.046
19.336 -59.134
19.428 -59.220
19.520 -59.306
19.612 -59.392
19.704 -59.476
19.796 -59.560
19.888 -59.644
19.980 -59.727
20.072 -59.809
20.164 -59.891
20.257 -59.972
20.349 -60.052
20.441 -60.132
20.533 -60.211
20.625 -60.289
20.717 -60.367
20.809 -60.445
20.901 -60.522
20.993 -60.598
21.085 -60.673
21.177 -60.748
21.269 -60.823
21.361 -60.896
21.454 -60.970
21.546 -61.042
21.638 -61.114
21.730 -61.186
21.822 -61.256
21.914 -61.327
22.006 -61.396
22.098 -61.466
22.190 -61.534
22.282 -61.602
22.374 -61.670
22.466 -61.736
22.558 -61.803
22.650 -61.869
22.743 -61.934
22.835 -61.998
22.927 -62.062
23.019 -62.126
23.111 -62.189
23.203 -62.251
23.295 -62.313
23.387 -62.375
23.479 -62.435
23.571 -62.496
23.663 -62.555
23.755 -62.614
23.847 -62.673
23.940 -62.731
24.032 -62.789
24.124 -62.846
24.216 -62.902
24.308 -62.958
24.400 -63.013
24.492 -63.068
24.584 -63.123
24.676 -63.176
24.768 -63.230
24.860 -63.282
24.952 -63.335
25.044 -63.386
25.137 -63.438
25.229 -63.488
25.321 -63.539
25.413 -63.588
25.505 -63.637
25.597 -63.686
25.689 -63.734
25.781 -63.782
25.873 -63.829
25.965 -63.875
26.057 -63.921
26.149 -63.967
26.241 -64.012
26.333 -64.057
26.426 -64.101
26.518 -64.144
26.610 -64.187
26.702 -64.230
26.794 -64.272
26.886 -64.313
26.978 -64.354
27.070 -64.395
27.162 -64.435
27.254 -64.474
27.346 -64.514
27.438 -64.552
27.530 -64.590
27.623 -64.628
27.715 -64.665
27.807 -64.701
27.899 -64.738
27.991 -64.773
28.083 -64.808
28.175 -64.843
28.267 -64.877
28.359 -64.911
28.451 -64.944
28.543 -64.977
28.635 -65.009
28.727 -65.041
28.820 -65.072
28.912 -65.103
29.004 -65.133
29.096 -65.163
29.188 -65.192
29.280 -65.221
29.372 -65.250
29.464 -65.277
29.556 -65.305
29.648 -65.332
29.740 -65.358
29.832 -65.384
29.924 -65.410
30.017 -65.435
30.109 -65.460
30.201 -65.484
30.293 -65.507
30.385 -65.531
30.477 -65.553
30.569 -65.575
30.661 -65.597
30.753 -65.619
30.845 -65.639
30.937 -65.660
31.029 -65.680
31.121 -65.699
31.213 -65.718
31.306 -65.736
31.398 -65.755
31.490 -65.772
31.582 -65.789
31.674 -65.806
31.766 -65.822
31.858 -65.838
31.950 -65.853
32.042 -65.868
32.134 -65.882
32.226 -65.896
32.318 -65.909
32.410 -65.922
32.503 -65.935
32.595 -65.947
32.687 -65.958
32.779 -65.969
32.871 -65.980
32.963 -65.990
33.055 -66.000
33.147 -66.009
33.239 -66.018
33.331 -66.026
33.423 -66.034
33.515 -66.041
33.607 -66.048
33.700 -66.055
33.792 -66.061
33.884 -66.066
33.976 -66.071
34.068 -66.076
34.160 -66.080
34.252 -66.084
34.344 -66.087
34.436 -66.090
34.528 -66.092
34.620 -66.094
34.712 -66.095
34.804 -66.096
34.896 -66.097
34.989 -66.097
35.081 -66.096
35.173 -66.096
35.265 -66.094
35.357 -66.092
35.449 -66.090
35.541 -66.087
35.633 -66.084
35.725 -66.081
35.817 -66.077
35.909 -66.072
36.001 -66.067
36.093 -66.062
36.186 -66.056
36.278 -66.049
36.370 -66.042
36.462 -66.035
36.554 -66.027
36.646 -66.019
36.738 -66.010
36.830 -66.001
36.922 -65.992
37.014 -65.982
37.106 -65.971
37.198 -65.960
37.290 -65.949
37.383 -65.937
37.475 -65.924
37.567 -65.911
37.659 -65.898
37.751 -65.884
37.843 -65.870
37.935 -65.855
38.027 -65.840
38.119 -65.825
38.211 -65.809
38.303 -65.792
38.395 -65.775
38.487 -65.758
38.579 -65.740
38.672 -65.721
38.764 -65.702
38.856 -65.683
38.948 -65.663
39.040 -65.643
39.132 -65.622
39.224 -65.601
39.316 -65.579
39.408 -65.557
39.500 -65.534
39.592 -65.511
39.684 -65.488
39.776 -65.464
39.869 -65.439
39.961 -65.414
40.053 -65.389
40.145 -65.363
40.237 -65.336
40.329 -65.310
40.421 -65.282
40.513 -65.254
40.605 -65.226
40.697 -65.197
40.789 -65.168
40.881 -65.138
40.973 -65.108
41.066 -65.077
41.158 -65.046
41.250 -65.015
41.342 -64.982
41.434 -64.950
41.526 -64.917
41.618 -64.883
41.710 -64.849
41.802 -64.814
41.894 -64.779
41.986 -64.744
42.078 -64.708
42.170 -64.671
42.262 -64.634
42.355 -64.597
42.447 -64.559
42.539 -64.520
42.631 -64.481
42.723 -64.442
42.815 -64.402
42.907 -64.361
42.999 -64.320
43.091 -64.279
43.183 -64.237
43.275 -64.195
43.367 -64.152
43.459 -64.108
43.552 -64.064
43.644 -64.020
43.736 -63.975
43.828 -63.929
43.920 -63.883
44.012 -63.837
44.104 -63.790
44.196 -63.742
44.288 -63.694
44.380 -63.646
44.472 -63.597
44.564 -63.547
44.656 -63.497
44.749 -63.446
44.841 -63.395
44.933 -63.344
45.025 -63.292
45.117 -63.239
45.209 -63.186
45.301 -63.132
45.393 -63.078
45.485 -63.023
45.577 -62.968
45.669 -62.912
45.761 -62.855
45.853 -62.798
45.946 -62.741
46.038 -62.683
46.130 -62.625
46.222 -62.565
46.314 -62.506
46.406 -62.446
46.498 -62.385
46.590 -62.324
46.682 -62.262
46.774 -62.200
46.866 -62.137
46.958 -62.073
47.050 -62.009
47.142 -61.945
47.235 -61.880
47.327 -61.814
47.419 -61.748
47.511 -61.681
47.603 -61.614
47.695 -61.546
47.787 -61.477
47.879 -61.408
47.971 -61.339
48.063 -61.269
48.155 -61.198
48.247 -61.127
48.339 -61.055
48.432 -60.982
48.524 -60.909
48.616 -60.835
48.708 -60.761
48.800 -60.686
48.892 -60.611
48.984 -60.535
49.076 -60.458
49.168 -60.381
49.260 -60.303
49.352 -60.225
49.444 -60.145
49.536 -60.066
49.629 -59.986
49.721 -59.905
49.813 -59.823
49.905 -59.741
49.997 -59.658
50.089 -59.575
50.181 -59.491
50.273 -59.406
50.365 -59.321
50.457 -59.235
50.549 -59.149
50.641 -59.062
50.733 -58.974
50.825 -58.885
50.918 -58.796
51.010 -58.706
51.102 -58.616
51.194 -58.525
51.286 -58.433
51.378 -58.341
51.470 -58.248
51.562 -58.154
51.654 -58.060
51.746 -57.965
51.838 -57.869
51.930 -57.772
52.022 -57.675
52.115 -57.577
52.207 -57.479
52.299 -57.380
52.391 -57.280
52.483 -57.179
52.575 -57.078
52.667 -56.976
52.759 -56.873
52.851 -56.770
52.943 -56.665
53.035 -56.560
53.127 -56.455
53.219 -56.348
53.312 -56.241
53.404 -56.133
53.496 -56.025
53.588 -55.915
53.680 -55.805
53.772 -55.694
53.864 -55.583
53.956 -55.470
54.048 -55.357
54.140 -55.243
54.232 -55.128
54.324 -55.013
54.416 -54.896
54.508 -54.779
54.601 -54.661
54.693 -54.542
54.785 -54.423
54.877 -54.302
54.969 -54.181
55.061 -54.059
55.153 -53.936
55.245 -53.812
55.337 -53.688
55.429 -53.562
55.521 -53.436
55.613 -53.309
55.705 -53.180
55.798 -53.052
55.890 -52.922
55.982 -52.791
56.074 -52.659
56.166 -52.527
56.258 -52.393
56.350 -52.259
56.442 -52.124
56.534 -51.987
56.626 -51.850
56.718 -51.712
56.810 -51.573
56.902 -51.433
56.995 -51.292
57.087 -51.150
57.179 -51.007
57.271 -50.863
57.363 -50.718
57.455 -50.572
57.547 -50.425
57.639 -50.277
57.731 -50.127
57.823 -49.977
57.915 -49.826
58.007 -49.674
58.099 -49.520
58.192 -49.366
58.284 -49.210
58.376 -49.054
58.468 -48.896
58.560 -48.737
58.652 -48.577
58.744 -48.415
58.836 -48.253
58.928 -48.089
59.020 -47.925
59.112 -47.759
59.204 -47.591
59.296 -47.423
59.388 -47.253
59.481 -47.082
59.573 -46.910
59.665 -46.737
59.757 -46.562
59.849 -46.386
59.941 -46.208
60.033 -46.030
60.125 -45.849
60.217 -45.668
60.309 -45.485
60.401 -45.301
60.493 -45.115
60.585 -44.928
60.678 -44.739
60.770 -44.549
60.862 -44.357
60.954 -44.164
61.046 -43.970
61.138 -43.773
61.230 -43.576
61.322 -43.376
61.414 -43.175
61.506 -42.973
61.598 -42.768
61.690 -42.562
61.782 -42.354
61.875 -42.145
61.967 -41.934
62.059 -41.721
62.151 -41.506
62.243 -41.289
62.335 -41.070
62.427 -40.850
62.519 -40.627
62.611 -40.403
62.703 -40.176
62.795 -39.948
62.887 -39.717
62.979 -39.485
63.071 -39.250
63.164 -39.013
63.256 -38.774
63.348 -38.532
63.440 -38.288
63.532 -38.042
63.624 -37.793
63.716 -37.542
63.808 -37.289
63.900 -37.033
63.992 -36.774
64.084 -36.512
64.176 -36.248
64.268 -35.981
64.361 -35.712
64.453 -35.439
64.545 -35.163
64.637 -34.885
64.729 -34.603
64.821 -34.318
64.913 -34.030
65.005 -33.738
65.097 -33.443
65.189 -33.144
65.281 -32.842
65.373 -32.536
65.465 -32.226
65.558 -31.912
65.650 -31.594
65.742 -31.272
65.834 -30.946
65.926 -30.615
66.018 -30.279
66.110 -29.939
66.202 -29.594
66.294 -29.244
66.386 -28.888
66.478 -28.527
66.570 -28.160
66.662 -27.787
66.754 -27.408
66.847 -27.023
66.939 -26.631
67.031 -26.232
67.123 -25.825
67.215 -25.411
67.307 -24.989
67.399 -24.558
67.491 -24.118
67.583 -23.669
67.675 -23.210
67.767 -22.740
67.859 -22.259
67.951 -21.767
68.044 -21.261
68.136 -20.741
68.228 -20.207
68.320 -19.656
68.412 -19.088
68.504 -18.501
68.596 -17.893
68.688 -17.262
68.780 -16.605
68.872 -15.919
68.964 -15.200
69.056 -14.443
69.148 -13.642
69.241 -12.789
69.333 -11.872
69.425 -10.875
69.517 -9.774
69.609 -8.528
69.701 -7.062
69.793 -5.192
69.885 -1.995
69.901 0.000